# Created by Octave 5.2.0, Mon May 25 19:15:14 2020 GMT <unknown@Wasiollo>
# name: rndstate
# type: uint32 matrix
# ndims: 2
 625 1
 2147483648
 1560053640
 3150647670
 4161547827
 861088921
 4105416372
 28956583
 3841618595
 3373574351
 2034940625
 4131722293
 1769096288
 3422883267
 3389933314
 1628463987
 2016158150
 3819850693
 3785845420
 320050533
 1657864898
 3685314032
 2990950893
 1382294094
 2956630065
 4108550072
 1505195175
 900836073
 1949167547
 2584593014
 336233757
 3416992143
 2433964469
 3411558487
 3814676021
 2600371245
 4126202141
 1389738956
 3844439979
 2289562122
 252240435
 1135351471
 3444117444
 1607636018
 3924670586
 2350443471
 3668568812
 1056844762
 3760062075
 1861405723
 2301837433
 2944578302
 1737928069
 2139198912
 2665791837
 1368584470
 1413277999
 1267795085
 2630195205
 1210392397
 3258920052
 2820995121
 1645622894
 431938740
 4980295
 2880247421
 3587081494
 3910833639
 3726718276
 413075308
 2261603588
 4294369215
 3584080305
 3295195703
 3905799796
 1461844316
 272992683
 470341675
 307894888
 285916908
 3309469876
 3099688554
 2487215331
 418820806
 1588465046
 3854737613
 33503940
 1062755129
 3036458965
 791489488
 1480157102
 1664044477
 2587937375
 944685869
 483351593
 1483237896
 3998823992
 147626651
 3601045734
 3983091559
 3893946901
 4213598259
 4114266496
 1353520183
 2549164696
 2667612620
 2831208987
 3116640619
 1002814778
 1080379184
 202463959
 585838237
 3546050489
 2673729098
 2864321437
 3426744027
 2357315301
 2953278935
 3655172018
 2881355064
 3065493960
 2437736584
 3794148730
 1638224532
 324228551
 509127781
 515799170
 3236870150
 3509491576
 2181329032
 549407171
 2882631165
 274927983
 419786216
 1772861559
 3200148251
 4264925424
 2302494954
 3502223542
 3738015028
 3690488701
 769048428
 1725031526
 2203906245
 2800967466
 853387589
 1434467400
 328485080
 153761268
 118671167
 1686812861
 4182908238
 540274722
 2427596914
 3647150942
 2416417400
 3268652466
 1563105052
 2252150469
 2038506604
 4058833570
 189314617
 3183149841
 1755264309
 2365822614
 2559265033
 107925569
 531273366
 773487579
 212955477
 85177326
 2321373786
 262248701
 1254819071
 1391743387
 3174505626
 3723885555
 2130482326
 2281538737
 151392766
 850369500
 1948277458
 3779126197
 1082524579
 1149373686
 394619350
 2953354973
 1055635707
 3291811540
 1982716325
 1036057612
 1795073259
 2144390957
 2938899003
 46678414
 2337615882
 1835433272
 2687256319
 3324380817
 3148630208
 3591653995
 733814218
 2245131941
 1409808974
 3761438387
 3481683471
 1254194590
 3977635172
 100775007
 48769905
 3384404431
 606965315
 815571019
 4223355304
 227252432
 3667413551
 4119174515
 212877690
 3858603678
 765939097
 4020572625
 3926505418
 687777104
 3595759561
 3270202277
 3326917252
 307230644
 1934602095
 2953733745
 3813802706
 1789041920
 3351040402
 2102012769
 2056540503
 3273531010
 368243609
 2155101950
 3036539798
 460039037
 1431396307
 948975549
 393656351
 684243146
 2631551190
 1522729526
 865099700
 962330264
 743488429
 1545855144
 4139279431
 3724401736
 1967251894
 1079971120
 2479348847
 2624989160
 1061881282
 88021004
 435685161
 482648802
 2796127480
 77531169
 771345700
 2081710039
 225130797
 1026559952
 3173085500
 3533061945
 1351537214
 3873889090
 1098943643
 1557501116
 2558293
 649291029
 482927861
 1908639075
 21775665
 3165113332
 2791413783
 4179199026
 4259786534
 1551418808
 3522316311
 2640682901
 2610984514
 3836985351
 3421658418
 3507701015
 2214300916
 2637853465
 3476694323
 1780977566
 6168923
 1807588248
 4055188478
 2378002696
 1134357809
 2682779374
 946759817
 1285938069
 2317669129
 3983164060
 711449676
 749210123
 1847927266
 595752054
 4265510574
 545392289
 2953448441
 3425221147
 3490192658
 2875901982
 2959610631
 452654243
 1316281175
 1370921969
 1557132324
 1594810964
 2329393081
 4174910469
 396020528
 655770211
 611732245
 2444321353
 1383056519
 1208732906
 2617076072
 535754144
 1201685157
 3778032039
 1526409973
 3303511788
 1795992378
 918450237
 3600045225
 539138823
 1623664502
 2764672373
 3093044957
 1878610113
 1588155454
 482929566
 4245534017
 4046265089
 33005861
 2138150542
 4116271236
 580095979
 1442005126
 2972370406
 3018505763
 2446678689
 604374109
 489969914
 576167775
 2665350895
 2363906505
 1407243479
 4269625285
 4092481833
 762575498
 3185721792
 4065587622
 1931128845
 1891594662
 2096948082
 2257383992
 900947017
 4097377487
 2720264954
 1163678462
 998730991
 108886426
 3172256292
 1643397639
 650960035
 1325966322
 910999242
 3977286110
 1266006518
 1037677028
 434932902
 3603068007
 2162361748
 3340624594
 1688992830
 1059484764
 839753466
 2310888974
 1579278806
 4015233750
 645241035
 885374032
 3169496245
 3423540165
 3889199391
 3176102477
 3124426349
 1861973167
 327721951
 1814911839
 107187812
 4193542183
 950649906
 634022506
 1339580477
 1877013457
 936488445
 2595217848
 2845345835
 3678584647
 2803089993
 462864105
 485672926
 2649481068
 448498997
 1087653925
 3723526008
 441088956
 187387787
 2479192571
 3717307305
 2257987692
 3513830217
 3620517530
 2921817048
 990828003
 1307088108
 2815170802
 1826532029
 4117522696
 3084861043
 2768990994
 1625709297
 52342870
 3244255855
 855258945
 2105659564
 1353181437
 1063898092
 3794081691
 1255563712
 2257205140
 1243457277
 2724324084
 1792846823
 1478234357
 827781020
 2309024581
 897949131
 1931159050
 831233766
 3442985990
 3375783439
 1081315867
 1460006772
 1321702615
 3552693078
 2617564180
 686189565
 2036401776
 2711729700
 4129612577
 3204342397
 1975083129
 1119422115
 804683057
 3139956614
 4070950856
 1349732080
 590965190
 283489493
 2590085894
 7799726
 3392299540
 3144669250
 1835884371
 3211189857
 202885229
 746070993
 3331235668
 2632781956
 2838281191
 1079490628
 3715232827
 2057148369
 3016670740
 3317951607
 4204746638
 2799104689
 2551514324
 1941132014
 1911458219
 3498865057
 1633484909
 1563534725
 4249219955
 1024152187
 3339566155
 596735541
 1346417588
 1322238076
 1880767286
 4111779249
 2641912746
 1214193849
 3935800018
 3698028891
 2285232346
 996198152
 9581881
 4282317098
 2990044542
 4035179573
 680935726
 3541306486
 3745843892
 112772009
 2175820643
 2529567086
 1133908091
 1710519445
 471945410
 2693203196
 965059102
 150960056
 2452065540
 2605335133
 3388728118
 363601843
 3088253515
 2488132246
 2122372216
 3156241277
 3265642433
 3344782988
 2754988693
 3830303578
 3819396761
 3735257574
 1082570006
 2826003817
 1426657637
 2160421527
 1671078981
 3125317875
 2773561131
 3715264329
 3537010205
 2442170836
 3110739873
 3738176365
 258640393
 381702839
 2011665277
 1567525622
 2605749604
 103535506
 4235436669
 2498937652
 3952316615
 3086050437
 4259539618
 1043518363
 1100603764
 905428821
 2826647113
 566587922
 2988901797
 2147045844
 1293415540
 3262069045
 3862173455
 2247281693
 1014639944
 1630239585
 1397165603
 1089985467
 2533618954
 239844760
 2126940827
 1649696364
 1108842845
 1132582352
 3597126276
 3054500608
 3459553907
 1988346275
 1747491380
 2610810480
 2244248409
 3485067681
 24643231
 1382514858
 2494379154
 2804680044
 972266849
 1977874508
 2412402037
 1496721127
 1042617096
 2790806329
 977703018
 4250698845
 210202885
 1142242871
 796354613
 43529225
 2223128359
 2393061345
 939822355
 2005460295
 3790498701
 2260116612
 2211641667
 3189773090
 1118986143
 2606135506
 1910890058
 3533401599
 3976094760
 2048660463
 3619031897
 530422717
 3177581117
 2048181820
 1


