octave:1> mainscript
ans =

   1824      8

ans =

   1824      8

labels =

   1
   2
   3
   4
   5
   6
   7
   8

ans =

   1
   2
   3
   4
   5
   6
   7
   8

ans =

     1     2     3     4     5     6     7     8
   228   228   228   228   228   228   228   228

ans =

   4.5000e+00   1.8679e-01   1.4839e-02   2.1045e-01   2.0882e-01   7.9658e+01   1.0604e+00   9.0846e-03
   4.5000e+00   1.8259e-01   1.4785e-04   1.7434e-04   1.9996e-06  -8.9358e-11   1.3626e-10  -1.8427e-14

mv =

   8.0000e+00   5.1213e+00   2.5823e+01   3.8214e+02   3.8086e+02   1.4530e+05   1.9341e+03   1.6570e+01

midx =

    77   186   186   186   186   186   186   186

midx =  186
ans =

   3.0000e+00   1.8168e-01   9.4070e-06   1.9133e-03   4.8942e-06  -4.5632e-10  -1.3606e-08   1.2678e-10
   3.0000e+00   5.1213e+00   2.5823e+01   3.8214e+02   3.8086e+02   1.4530e+05   1.9341e+03   1.6570e+01
   3.0000e+00   1.8123e-01   1.3918e-05   1.8282e-03   5.8809e-06  -6.0979e-10  -2.1916e-08   2.8178e-12

ans =

   1824      8

ans =

   1823      8

mv =

   1.00000   0.12500   0.00000   0.00000   0.00000  -0.00000  -0.00000  -0.00000

midx =

    58   641   641   641   641   392    25   538

midx =  641
ans =

   3.00000   0.18165   0.00007   0.00191   0.00001  -0.00000  -0.00000  -0.00000
   3.00000   0.12500   0.00000   0.00000   0.00000   0.00000   0.00000   0.00000
   3.00000   0.18161   0.00002   0.00198   0.00000  -0.00000  -0.00000   0.00000

ans =

   1823      8

ans =

   1822      8

 

j =  1
j =  2
j =  3
j =  4
j =  5
j =  6
j =  7
j =  8
base_ercf =

   0.021382   0.020833   0.016996

ad4_i =  1
ad4_j =  1
j =  1
j =  2
j =  3
j =  4
j =  5
j =  6
j =  7
j =  8
ad4_j =  2
j =  1
j =  2
j =  3
j =  4
j =  5
j =  6
j =  7
j =  8
ad4_j =  3
j =  1
j =  2
j =  3
j =  4
j =  5
j =  6
j =  7
j =  8
ad4_j =  4
j =  1
j =  2
j =  3
j =  4
j =  5
j =  6
j =  7
j =  8
ad4_j =  5
j =  1
j =  2
j =  3
j =  4
j =  5
j =  6
j =  7
j =  8
ad4_i =  2
ad4_j =  1
j =  1
j =  2
j =  3
j =  4
j =  5
j =  6
j =  7
j =  8
ad4_j =  2
j =  1
j =  2
j =  3
j =  4
j =  5
j =  6
j =  7
j =  8
ad4_j =  3
j =  1
j =  2
j =  3
j =  4
j =  5
j =  6
j =  7
j =  8
ad4_j =  4
j =  1
j =  2
j =  3
j =  4
j =  5
j =  6
j =  7
j =  8
ad4_j =  5
j =  1
j =  2
j =  3
j =  4
j =  5
j =  6
j =  7
j =  8
ad4_i =  3
ad4_j =  1
j =  1
j =  2
j =  3
j =  4
j =  5
j =  6
j =  7
j =  8
ad4_j =  2
j =  1
j =  2
j =  3
j =  4
j =  5
j =  6
j =  7
j =  8
ad4_j =  3
j =  1
j =  2
j =  3
j =  4
j =  5
j =  6
j =  7
j =  8
ad4_j =  4
j =  1
j =  2
j =  3
j =  4
j =  5
j =  6
j =  7
j =  8
ad4_j =  5
j =  1
j =  2
j =  3
j =  4
j =  5
j =  6
j =  7
j =  8
ad4_result =
{
  [1,1] =  0.10000
  [2,1] =

     0.0197368   0.0301535   0.0248904   0.0038102
     0.0186404   0.0279605   0.0243421   0.0037706
     0.0356360   0.0389254   0.0367325   0.0013978

  [1,2] =  0.25000
  [2,2] =

     0.0180921   0.0235746   0.0205044   0.0020732
     0.0180921   0.0224781   0.0197368   0.0018183
     0.0257675   0.0290570   0.0273026   0.0013089

  [1,3] =  0.50000
  [2,3] =

     0.0191886   0.0230263   0.0210526   0.0013761
     0.0180921   0.0213816   0.0203947   0.0013651
     0.0191886   0.0230263   0.0206140   0.0016264

}
ad5_i =  1
j =  1
j =  2
j =  3
j =  4
j =  5
j =  6
j =  7
j =  8
ad5_i =  2
j =  1
j =  2
j =  3
j =  4
j =  5
j =  6
j =  7
j =  8
ad5_i =  3
j =  1
j =  2
j =  3
j =  4
j =  5
j =  6
j =  7
j =  8
ad5_i =  4
j =  1
j =  2
j =  3
j =  4
j =  5
j =  6
j =  7
j =  8
ad5_i =  5
j =  1
j =  2
j =  3
j =  4
j =  5
j =  6
j =  7
j =  8
ans =

   1.0000e-04   5.0000e-04   1.0000e-03   5.0000e-03   1.0000e-02
   1.8640e-02   1.4803e-02   1.6996e-02   4.1667e-02   4.2763e-02

ad6_cfmxs = {}(0x0)
ad6_i =  1
j =  1
j =  2
j =  3
j =  4
j =  5
j =  6
j =  7
j =  8
ad6_i =  2
j =  1
j =  2
j =  3
j =  4
j =  5
j =  6
j =  7
j =  8
ad6_i =  3
j =  1
j =  2
j =  3
j =  4
j =  5
j =  6
j =  7
j =  8
ad6_i =  4
j =  1
j =  2
j =  3
j =  4
j =  5
j =  6
j =  7
j =  8
ad6_i =  5
j =  1
j =  2
j =  3
j =  4
j =  5
j =  6
j =  7
j =  8
ad6_ercfs =

   0.018275   0.016082   0.013889
   0.018275   0.017544   0.014620
   0.016082   0.016082   0.011696
   0.015351   0.012427   0.013158
   0.016813   0.015351   0.011696

